0
0.25758238263957556
0
0.000000000000000000000000000000000000000000000000000000000000000000000000000000000000000000000000000000000000000000000000000000000000000000000000000000000000006401009276701444
0.10194836096891932
0.187924007022283
0.4008078390072317
0.40843058408198896
0.062039113504115666
4.579347579883842
7.614596253366463
2.248719663966208
2.405777507015437
2.4910329569856233
1.9570195855578771
2.107616660271015
1.910302944810538
1.9543061059983866
2.9344701145363716
2.438263304847482
2.424470442863535
